,ACC,Localization,Cell wall & surface,Extracellular,Cytoplasmic,Cytoplasmic Membrane,Outer Membrane,Periplasmic
0,GBO53584.1,Cytoplasmic,0.0000,0.0010,0.9982,0.0003,0.0004,0.0001
1,GCL59691.1,Cytoplasmic,0.0000,0.0006,0.9990,0.0002,0.0002,0.0001
2,WP_392435678.1,Cytoplasmic,0.0009,0.0970,0.8846,0.0003,0.0156,0.0015
3,WP_333160571.1,Extracellular,0.0272,0.6439,0.2999,0.0007,0.0252,0.0032
4,WP_227357825.1,Extracellular,0.0003,0.5716,0.4146,0.0001,0.0120,0.0014
5,WP_190408468.1,Extracellular,0.0001,0.9131,0.0830,0.0001,0.0029,0.0008
6,WP_006456090.1,Extracellular,0.0002,0.5153,0.4810,0.0001,0.0016,0.0019
7,GAC1503459.1,Cytoplasmic,0.0001,0.0177,0.9683,0.0003,0.0127,0.0009
8,XPT24771.1,Extracellular,0.0003,0.9992,0.0001,0.0000,0.0004,0.0001
9,OBQ24629.1,Cytoplasmic,0.0001,0.0025,0.9954,0.0005,0.0013,0.0002
10,RPF77680.1,Cytoplasmic,0.0004,0.1616,0.7861,0.0485,0.0028,0.0007
11,GCE59098.1,Cytoplasmic Membrane,0.1741,0.1547,0.0235,0.3751,0.0557,0.2168
12,CCH66541.1,Cytoplasmic,0.0016,0.0935,0.8634,0.0364,0.0049,0.0002
13,VXD17257.1,Cytoplasmic,0.0047,0.0208,0.9498,0.0191,0.0036,0.0021
14,GAP98833.1,Extracellular,0.0064,0.4073,0.2224,0.1421,0.0805,0.1413
15,WP_413745455.1,Cytoplasmic,0.0000,0.0947,0.8793,0.0254,0.0005,0.0001
16,PPS43414.1,Periplasmic,0.0004,0.3425,0.0068,0.0138,0.0058,0.6308
17,WP_110984983.1,Extracellular,0.0005,0.7293,0.2663,0.0002,0.0029,0.0007
18,QDL12244.1,Cytoplasmic,0.0001,0.2221,0.7687,0.0001,0.0014,0.0075
19,WP_115125361.1,Cytoplasmic,0.0000,0.0225,0.9755,0.0007,0.0005,0.0008
20,WP_190612368.1,Cytoplasmic,0.0002,0.0910,0.8637,0.0257,0.0192,0.0002
21,WP_198128719.1,Cytoplasmic,0.0016,0.4274,0.5304,0.0081,0.0318,0.0006
22,WP_283764793.1,Extracellular,0.0085,0.6414,0.3434,0.0003,0.0056,0.0008
23,PMB36160.1,Cytoplasmic,0.0039,0.3027,0.6328,0.0516,0.0087,0.0003
24,RUR84229.1,Cytoplasmic,0.0001,0.0009,0.9985,0.0003,0.0001,0.0000
25,QKD82477.1,Cytoplasmic,0.0002,0.1278,0.8346,0.0341,0.0031,0.0002
26,KAI9134518.1,Cytoplasmic,0.0000,0.0145,0.9812,0.0002,0.0002,0.0039
27,WP_413271029.1,Cytoplasmic,0.0002,0.0168,0.9766,0.0016,0.0038,0.0009
28,GBO54954.1,Cytoplasmic,0.0010,0.1081,0.8574,0.0229,0.0104,0.0002
29,WP_293069193.1,Extracellular,0.0025,0.8114,0.1763,0.0034,0.0056,0.0007
30,BGG32212.1,Extracellular,0.0050,0.7105,0.1942,0.0012,0.0776,0.0115
31,OBQ42688.1,Cytoplasmic,0.0028,0.3037,0.6529,0.0310,0.0094,0.0002
32,WP_446377168.1,Extracellular,0.0037,0.6562,0.2398,0.0079,0.0111,0.0813
33,WP_190794298.1,Extracellular,0.0030,0.5886,0.2310,0.0269,0.0426,0.1078
34,PIG92622.1,Extracellular,0.0003,0.5511,0.0118,0.0081,0.0071,0.4216
35,WP_287278530.1,Extracellular,0.0001,0.9171,0.0812,0.0000,0.0015,0.0001
36,WP_168652028.1,Cytoplasmic,0.0016,0.4900,0.4911,0.0014,0.0150,0.0008
37,WP_332985137.1,Extracellular,0.0328,0.7018,0.2369,0.0008,0.0237,0.0040
38,QNJ20901.1,Cytoplasmic,0.0000,0.0513,0.9466,0.0009,0.0006,0.0005
39,WP_250016896.1,Extracellular,0.0005,0.9874,0.0018,0.0000,0.0090,0.0012
40,WP_015163125.1,Extracellular,0.0015,0.9852,0.0022,0.0000,0.0081,0.0031
41,WP_347277321.1,Extracellular,0.0080,0.9372,0.0300,0.0190,0.0027,0.0031
42,WP_320677631.1,Cytoplasmic,0.0001,0.0137,0.9842,0.0011,0.0007,0.0002
43,XWF15404.1,Extracellular,0.0002,0.9824,0.0075,0.0001,0.0086,0.0012
44,EGJ29134.1,Cytoplasmic,0.0001,0.0091,0.9844,0.0032,0.0026,0.0006
45,BAZ77516.1,Cytoplasmic,0.0003,0.0120,0.9859,0.0006,0.0008,0.0005
46,WP_445631375.1,Extracellular,0.0002,0.9979,0.0006,0.0000,0.0011,0.0003
47,PLZ36858.1,Cytoplasmic,0.0039,0.3027,0.6328,0.0516,0.0087,0.0003
48,WP_127052989.1,Extracellular,0.0001,0.6403,0.3556,0.0001,0.0027,0.0012
49,WP_201322416.1,Cytoplasmic,0.0002,0.4775,0.5181,0.0002,0.0034,0.0006
50,RZO12018.1,Cytoplasmic,0.0018,0.1893,0.7495,0.0560,0.0032,0.0002
51,OBQ41859.1,Cytoplasmic,0.0000,0.0021,0.9969,0.0002,0.0007,0.0001
52,TVQ57136.1,Extracellular,0.0002,0.5044,0.4928,0.0001,0.0012,0.0013
53,BAY30188.1,Extracellular,0.0002,0.8479,0.1373,0.0001,0.0122,0.0024
54,WP_415411165.1,Cytoplasmic,0.0000,0.0297,0.9687,0.0006,0.0004,0.0007
55,CAC85155.1,Cytoplasmic,0.0035,0.2713,0.6689,0.0398,0.0162,0.0003
56,AIE73596.1,Cytoplasmic,0.0000,0.0007,0.9984,0.0004,0.0004,0.0001
57,WP_272867766.1,Extracellular,0.0003,0.9992,0.0001,0.0000,0.0004,0.0001
58,WP_194057501.1,Cytoplasmic,0.0000,0.0217,0.9733,0.0003,0.0014,0.0033
59,WP_296421515.1,Cytoplasmic,0.0000,0.0382,0.9487,0.0117,0.0008,0.0006
60,WP_473152881.1,Cytoplasmic,0.0001,0.4539,0.5436,0.0000,0.0012,0.0013
61,WP_367142456.1,Cytoplasmic,0.0039,0.1583,0.7978,0.0111,0.0063,0.0228
62,CAD33848.1,Cytoplasmic,0.0012,0.2414,0.6701,0.0834,0.0036,0.0003
63,WP_261208175.1,Extracellular,0.0094,0.9103,0.0720,0.0001,0.0071,0.0012
64,WP_086686344.1,Cytoplasmic,0.0116,0.3226,0.6170,0.0121,0.0320,0.0048
65,WP_190500125.1,Extracellular,0.0043,0.5077,0.4622,0.0052,0.0025,0.0181
66,WP_407395307.1,Cytoplasmic,0.0000,0.0359,0.9613,0.0015,0.0005,0.0007
67,ULP28761.1,Cytoplasmic,0.0001,0.4366,0.5606,0.0000,0.0016,0.0011
68,WP_237994276.1,Extracellular,0.0581,0.6544,0.2400,0.0050,0.0378,0.0047
69,XUE22408.1,Cytoplasmic,0.0001,0.0116,0.9477,0.0307,0.0099,0.0001
70,AFZ34094.1,Extracellular,0.0014,0.9932,0.0003,0.0000,0.0007,0.0044
71,WP_323316609.1,Cytoplasmic,0.0000,0.0078,0.9913,0.0004,0.0003,0.0002
72,WP_323252466.1,Extracellular,0.0537,0.5860,0.0945,0.1658,0.0330,0.0670
73,QNI43196.1,Cytoplasmic,0.0010,0.1534,0.7651,0.0758,0.0046,0.0002
74,EHJ13026.1,Cytoplasmic,0.0007,0.0173,0.9750,0.0058,0.0009,0.0004
75,WP_102183269.1,Extracellular,0.0100,0.7705,0.2050,0.0004,0.0121,0.0020
76,WP_446381092.1,Extracellular,0.0830,0.5925,0.1902,0.0956,0.0103,0.0284
77,WP_317038278.1,Cytoplasmic,0.0004,0.0517,0.9379,0.0004,0.0090,0.0006
78,PLZ07755.1,Cytoplasmic,0.0039,0.3027,0.6328,0.0516,0.0087,0.0003
79,WP_254965575.1,Cytoplasmic,0.0004,0.1061,0.8173,0.0440,0.0321,0.0002
80,GJD18346.1,Extracellular,0.0090,0.9172,0.0675,0.0003,0.0035,0.0025
81,BAY26650.1,Extracellular,0.0437,0.7234,0.1866,0.0042,0.0367,0.0054
82,BDA69243.1,Extracellular,0.0003,0.9411,0.0458,0.0001,0.0090,0.0038
83,KGF92116.1,Cytoplasmic,0.0001,0.0059,0.9858,0.0015,0.0067,0.0001
84,WP_430714706.1,Cytoplasmic,0.0016,0.0833,0.8879,0.0003,0.0259,0.0010
85,WFN59179.1,Cytoplasmic,0.0000,0.0380,0.9599,0.0011,0.0003,0.0007
86,EHA62481.1,Cytoplasmic,0.0000,0.0006,0.9989,0.0002,0.0000,0.0002
87,WP_169220594.1,Cytoplasmic,0.0006,0.0344,0.9573,0.0018,0.0051,0.0008
88,WP_307786316.1,Cytoplasmic,0.0006,0.0040,0.9176,0.0419,0.0350,0.0009
89,XPT26527.1,Extracellular,0.0002,0.8731,0.1127,0.0001,0.0094,0.0045
90,WP_009788630.1,Cytoplasmic,0.0000,0.0906,0.8805,0.0279,0.0009,0.0001
91,WP_186514297.1,Cytoplasmic,0.0000,0.0411,0.9507,0.0066,0.0008,0.0008
92,WP_026796497.1,Cytoplasmic,0.0010,0.2548,0.7313,0.0006,0.0119,0.0003
93,QNJ14907.1,Cytoplasmic,0.0000,0.0164,0.9812,0.0012,0.0004,0.0007
94,KZR93417.1,Cytoplasmic,0.0006,0.2151,0.7429,0.0378,0.0031,0.0004
95,WP_431193568.1,Cytoplasmic,0.0003,0.0313,0.9579,0.0078,0.0023,0.0004
96,WP_287130834.1,Cytoplasmic,0.0000,0.4133,0.5816,0.0001,0.0036,0.0013
97,XPM60513.2,Cytoplasmic,0.0005,0.3069,0.6169,0.0652,0.0028,0.0078
98,PHM08366.1,Cytoplasmic,0.0025,0.1632,0.7753,0.0388,0.0196,0.0006
99,WP_333369676.1,Cytoplasmic,0.0014,0.1567,0.8103,0.0003,0.0290,0.0023
100,WP_017302446.1,Cytoplasmic,0.0001,0.0117,0.9693,0.0017,0.0148,0.0023
101,WP_224412601.1,Cytoplasmic,0.0006,0.1308,0.8466,0.0003,0.0211,0.0007
102,WP_156776564.1,Cytoplasmic,0.0002,0.1292,0.8050,0.0616,0.0038,0.0002
103,WP_332958720.1,Cytoplasmic,0.0004,0.4640,0.5306,0.0001,0.0029,0.0019
104,WP_333167713.1,Extracellular,0.0003,0.7416,0.2543,0.0001,0.0026,0.0012
105,GBF52161.1,Cytoplasmic,0.0000,0.0004,0.9991,0.0002,0.0002,0.0001
106,XWF32418.1,Cytoplasmic,0.0001,0.1534,0.7919,0.0004,0.0015,0.0528
107,WP_010308695.1,Cytoplasmic,0.0000,0.0422,0.9513,0.0018,0.0014,0.0033
108,WP_333438424.1,Extracellular,0.0002,0.5581,0.4261,0.0001,0.0100,0.0054
109,WP_293346538.1,Extracellular,0.0005,0.5901,0.0040,0.0039,0.0081,0.3934
110,KGG36800.1,Cytoplasmic,0.0007,0.0145,0.9082,0.0042,0.0714,0.0010
111,WP_259725881.1,Extracellular,0.0001,0.6035,0.3812,0.0001,0.0044,0.0107
112,WP_196519052.1,Cytoplasmic,0.0049,0.4516,0.5296,0.0001,0.0117,0.0021
113,WP_115018244.1,Cytoplasmic,0.0000,0.0221,0.9734,0.0034,0.0005,0.0005
114,WP_333405577.1,Cytoplasmic,0.0005,0.0356,0.9432,0.0004,0.0185,0.0019
115,WP_017301647.1,Extracellular,0.0001,0.9360,0.0601,0.0000,0.0016,0.0021
116,ODH02988.1,Cytoplasmic,0.0018,0.0940,0.8513,0.0418,0.0108,0.0003
117,QNJ01825.1,Cytoplasmic,0.0000,0.0060,0.9934,0.0004,0.0000,0.0002
118,BAZ23356.1,Extracellular,0.0000,0.9918,0.0063,0.0000,0.0017,0.0001
119,WP_083620807.1,Extracellular,0.0003,0.6831,0.3069,0.0001,0.0068,0.0030
120,BAU43092.1,Extracellular,0.0149,0.4151,0.0538,0.3781,0.0503,0.0879
121,WP_461921067.1,Extracellular,0.0014,0.8611,0.0029,0.0313,0.0661,0.0371
122,WP_190691565.1,Extracellular,0.0195,0.6623,0.3072,0.0004,0.0077,0.0029
123,WP_265900310.1,Cytoplasmic,0.0008,0.2536,0.7291,0.0003,0.0118,0.0043
124,EEE40182.1,Cytoplasmic,0.0032,0.2790,0.5640,0.1425,0.0108,0.0005
125,QNJ31001.1,Cytoplasmic,0.0000,0.0234,0.9740,0.0009,0.0011,0.0006
126,GAB4244361.1,Cytoplasmic,0.0002,0.3861,0.6091,0.0000,0.0023,0.0023
127,BAZ27417.1,Cytoplasmic,0.0024,0.2456,0.6883,0.0537,0.0098,0.0002
128,KGG21515.1,Cytoplasmic,0.0007,0.0145,0.9082,0.0042,0.0714,0.0010
129,QNI78640.1,Cytoplasmic,0.0000,0.0198,0.9787,0.0006,0.0003,0.0005
130,WP_207086105.1,Cytoplasmic,0.0004,0.1782,0.8089,0.0003,0.0114,0.0009
131,WP_333390427.1,Cytoplasmic,0.0001,0.0177,0.9755,0.0016,0.0042,0.0009
132,QNI96035.1,Cytoplasmic,0.0000,0.0038,0.9956,0.0005,0.0001,0.0002
133,BDH99535.1,Cytoplasmic,0.0012,0.2414,0.6701,0.0834,0.0036,0.0003
134,WP_035987121.1,Cytoplasmic,0.0000,0.0137,0.9828,0.0003,0.0013,0.0018
135,WP_230842514.1,Cytoplasmic,0.0000,0.0355,0.9638,0.0002,0.0004,0.0000
136,WP_190753201.1,Cytoplasmic,0.0008,0.1200,0.8742,0.0009,0.0038,0.0003
137,WP_211623156.1,Extracellular,0.0008,0.9072,0.0810,0.0001,0.0057,0.0051
138,UWU49020.1,Cytoplasmic,0.0000,0.0007,0.9992,0.0001,0.0001,0.0000
139,AFZ31946.1,Cytoplasmic,0.0012,0.0558,0.9180,0.0206,0.0042,0.0002
140,WP_432552489.1,Cytoplasmic,0.0034,0.3024,0.5563,0.1060,0.0285,0.0035
141,AFZ37869.1,Cytoplasmic,0.0005,0.1802,0.7821,0.0347,0.0025,0.0000
142,BBD61135.1,Cytoplasmic,0.0034,0.3296,0.6005,0.0538,0.0125,0.0002
143,WP_322715282.1,Extracellular,0.0001,0.6679,0.3290,0.0000,0.0012,0.0018
144,WP_297084115.1,Extracellular,0.0062,0.9032,0.0380,0.0025,0.0295,0.0206
145,WP_068817670.1,Cytoplasmic Membrane,0.0006,0.0117,0.0054,0.9603,0.0152,0.0069
146,WP_190545812.1,Extracellular,0.0125,0.6906,0.2851,0.0001,0.0097,0.0019
147,WP_074382552.1,Extracellular,0.0004,0.9925,0.0067,0.0001,0.0002,0.0001
148,GET41864.1,Cytoplasmic,0.0004,0.0162,0.9788,0.0008,0.0029,0.0010
149,WP_271252269.1,Cytoplasmic,0.0001,0.4205,0.5784,0.0001,0.0007,0.0001
150,TWH42349.1,Extracellular,0.0362,0.3880,0.0155,0.3704,0.1270,0.0629
151,QKD84454.1,Extracellular,0.0048,0.8944,0.0718,0.0016,0.0143,0.0131
152,WP_373478448.1,Cytoplasmic,0.0003,0.4420,0.5551,0.0001,0.0022,0.0003
153,WP_292745041.1,Cytoplasmic,0.0059,0.4480,0.5289,0.0002,0.0142,0.0029
154,WP_333270915.1,Cytoplasmic,0.0001,0.0150,0.9789,0.0014,0.0039,0.0008
155,WP_309744015.1,Cytoplasmic,0.0003,0.4591,0.5282,0.0020,0.0092,0.0011
156,WP_229501370.1,Cytoplasmic,0.0012,0.0389,0.9510,0.0007,0.0075,0.0007
157,RUT08836.1,Cytoplasmic,0.0012,0.0999,0.8363,0.0562,0.0062,0.0001
158,WP_077142431.1,Cytoplasmic,0.0001,0.0257,0.9708,0.0017,0.0012,0.0006
159,BAU09893.1,Cytoplasmic,0.0018,0.2402,0.6595,0.0889,0.0095,0.0002
160,WP_193868784.1,Extracellular,0.0003,0.6261,0.3676,0.0001,0.0045,0.0015
161,WP_075902146.1,Extracellular,0.0030,0.7806,0.2057,0.0027,0.0071,0.0010
162,WP_293274559.1,Extracellular,0.0241,0.8015,0.1503,0.0004,0.0194,0.0042
163,WP_095719851.1,Extracellular,0.0218,0.7495,0.0235,0.0838,0.0405,0.0809
164,GAX37279.1,Extracellular,0.0001,0.8885,0.1049,0.0001,0.0053,0.0012
165,WP_255132002.1,Extracellular,0.0043,0.7275,0.2446,0.0002,0.0214,0.0021
166,WP_323245144.1,Extracellular,0.0535,0.7001,0.2064,0.0032,0.0325,0.0042
167,EGJ32897.1,Cytoplasmic,0.0001,0.3196,0.6742,0.0001,0.0017,0.0044
168,WP_152669454.1,Cytoplasmic,0.0766,0.3071,0.4441,0.0225,0.1342,0.0156
169,WP_006851949.1,Cytoplasmic,0.0000,0.0258,0.9712,0.0020,0.0004,0.0006
170,GAB4376968.1,Extracellular,0.0030,0.8038,0.1793,0.0001,0.0116,0.0021
171,WP_190398676.1,Cytoplasmic,0.0004,0.2071,0.7009,0.0244,0.0668,0.0004
172,WP_016866549.1,Extracellular,0.0001,0.7573,0.0027,0.0011,0.0038,0.2349
173,WP_193911103.1,Cytoplasmic,0.0004,0.0785,0.9084,0.0004,0.0100,0.0023
174,ABM76928.1,Cytoplasmic,0.0000,0.0012,0.9978,0.0009,0.0001,0.0000
175,WP_236508238.1,Extracellular,0.0006,0.5555,0.4348,0.0024,0.0056,0.0011
176,WP_106255861.1,Cytoplasmic,0.0003,0.0592,0.9156,0.0003,0.0222,0.0024
177,WP_006910366.1,Cytoplasmic,0.0000,0.0674,0.9310,0.0007,0.0002,0.0006
178,WP_115018389.1,Cytoplasmic,0.0000,0.0445,0.9527,0.0014,0.0006,0.0008
179,WP_323249393.1,Cytoplasmic,0.0000,0.0524,0.9454,0.0005,0.0002,0.0015
180,WP_196523986.1,Extracellular,0.0117,0.6358,0.3313,0.0059,0.0132,0.0021
181,QNI52729.1,Cytoplasmic,0.0000,0.0021,0.9970,0.0008,0.0000,0.0001
182,WP_319422852.1,Cytoplasmic,0.0002,0.2031,0.5358,0.1805,0.0052,0.0752
183,GBG22697.1,Cytoplasmic,0.0011,0.0314,0.9543,0.0009,0.0113,0.0010
184,UAJ71753.1,Cytoplasmic,0.0001,0.0041,0.9931,0.0005,0.0022,0.0001
185,PLZ77630.1,Cytoplasmic,0.0039,0.3027,0.6328,0.0516,0.0087,0.0003
186,WP_130128481.1,Cytoplasmic,0.0000,0.0163,0.9823,0.0005,0.0003,0.0006
187,PMB11931.1,Cytoplasmic,0.0039,0.2987,0.6379,0.0499,0.0093,0.0003
188,WP_190570970.1,Periplasmic,0.0007,0.2340,0.2307,0.1032,0.0173,0.4140
189,RUT13554.1,Cytoplasmic,0.0021,0.1420,0.7931,0.0547,0.0079,0.0002
190,WP_446076611.1,Cytoplasmic,0.0007,0.0417,0.9429,0.0012,0.0070,0.0066
191,WP_333226473.1,Cytoplasmic,0.0002,0.0302,0.9613,0.0017,0.0054,0.0012
192,WP_259721195.1,Extracellular,0.0002,0.5523,0.4416,0.0003,0.0040,0.0016
193,WGS73417.1,Cytoplasmic,0.0004,0.1471,0.7615,0.0230,0.0677,0.0003
194,WP_193813967.1,Cytoplasmic,0.0000,0.0076,0.9902,0.0003,0.0007,0.0011
195,KDR58365.1,Cytoplasmic,0.0000,0.0007,0.9991,0.0001,0.0001,0.0000
196,CDN13241.1,Cytoplasmic,0.0000,0.0011,0.9948,0.0010,0.0021,0.0011
197,WP_193878769.1,Cytoplasmic,0.0002,0.0813,0.9125,0.0001,0.0052,0.0007
198,KPQ37372.1,Cytoplasmic Membrane,0.0069,0.2009,0.2814,0.3590,0.0308,0.1209
199,WP_455243548.1,Cytoplasmic,0.0058,0.1117,0.8065,0.0288,0.0121,0.0352
200,WP_094353259.1,Extracellular,0.0001,0.7094,0.2880,0.0000,0.0009,0.0016
201,QNI84461.1,Cytoplasmic,0.0000,0.0179,0.9807,0.0005,0.0004,0.0006
202,WP_186595741.1,Cytoplasmic,0.0000,0.0879,0.8878,0.0231,0.0011,0.0001
203,WP_446393121.1,Extracellular,0.0784,0.5730,0.1950,0.1028,0.0144,0.0364
204,AFZ12382.1,Cytoplasmic,0.0011,0.0234,0.9397,0.0144,0.0083,0.0131
205,BCU12780.1,Cytoplasmic,0.0000,0.0005,0.9989,0.0002,0.0003,0.0001
206,WZL87433.1,Extracellular,0.0001,0.9963,0.0014,0.0000,0.0021,0.0000
207,TBR59321.1,Cytoplasmic,0.0031,0.2614,0.6928,0.0355,0.0071,0.0002
208,CBN58930.1,Cytoplasmic Membrane,0.0007,0.0018,0.0209,0.6385,0.0590,0.2791
209,AKE65467.1,Cytoplasmic,0.0000,0.0006,0.9989,0.0001,0.0002,0.0001
210,WP_323215252.1,Cytoplasmic,0.0004,0.2230,0.7649,0.0003,0.0112,0.0003
211,WP_323255821.1,Cytoplasmic,0.0001,0.1142,0.8746,0.0037,0.0059,0.0013
212,KPQ36179.1,Cytoplasmic,0.0000,0.0020,0.9975,0.0004,0.0001,0.0000
213,KGF95276.1,Cytoplasmic,0.0002,0.0100,0.9284,0.0055,0.0555,0.0003
214,EDZ97234.1,Extracellular,0.0002,0.6662,0.3319,0.0001,0.0015,0.0001
215,WP_190468186.1,Extracellular,0.0046,0.5056,0.4501,0.0002,0.0336,0.0058
216,WP_462934784.1,Extracellular,0.0001,0.9948,0.0009,0.0000,0.0034,0.0008
217,CAK22962.1,Cytoplasmic,0.0010,0.1945,0.7465,0.0538,0.0038,0.0004
218,WP_254175148.1,Cytoplasmic,0.0003,0.0763,0.9157,0.0003,0.0068,0.0005
219,QKQ78037.1,Cytoplasmic,0.0026,0.1813,0.7668,0.0377,0.0114,0.0002
220,BAY84702.1,Cytoplasmic,0.0020,0.2630,0.6836,0.0463,0.0049,0.0002
221,QNI98970.1,Cytoplasmic,0.0000,0.0036,0.9952,0.0007,0.0001,0.0004
222,WP_322655629.1,Cytoplasmic,0.0061,0.4379,0.5431,0.0002,0.0111,0.0016
223,WP_071800496.1,Cytoplasmic,0.0000,0.0120,0.9832,0.0005,0.0006,0.0037
224,WP_323357327.1,Cytoplasmic,0.0000,0.4531,0.5379,0.0001,0.0030,0.0059
225,WP_193879639.1,Extracellular,0.0001,0.9849,0.0081,0.0000,0.0021,0.0047
226,WP_333224473.1,Cytoplasmic,0.0001,0.0126,0.9809,0.0023,0.0031,0.0009
227,QNI44402.1,Cytoplasmic,0.0000,0.0163,0.9823,0.0005,0.0003,0.0006
228,QNI71426.1,Cytoplasmic,0.0000,0.1156,0.8703,0.0127,0.0012,0.0003
229,WP_323339298.1,Extracellular,0.0033,0.9679,0.0178,0.0001,0.0082,0.0026
230,WP_190361134.1,Cytoplasmic,0.0004,0.2192,0.7576,0.0068,0.0158,0.0002
231,PZD75101.1,Cytoplasmic Membrane,0.0236,0.0763,0.0062,0.4533,0.2712,0.1693
232,WP_293021283.1,Extracellular,0.0024,0.7825,0.2059,0.0035,0.0051,0.0006
233,WP_320674782.1,Cytoplasmic,0.0001,0.0223,0.9314,0.0305,0.0156,0.0001
234,WP_185539424.1,Cytoplasmic,0.0003,0.0732,0.9169,0.0003,0.0087,0.0007
235,WP_346291117.1,Cytoplasmic,0.0001,0.3971,0.5923,0.0000,0.0033,0.0072
236,WP_430710243.1,Cytoplasmic,0.0000,0.0176,0.9780,0.0004,0.0015,0.0024
237,BAY09634.1,Cytoplasmic,0.0007,0.3633,0.5242,0.1036,0.0080,0.0001
238,WP_333320838.1,Extracellular,0.0002,0.5689,0.4120,0.0001,0.0101,0.0086
239,QNI53220.1,Cytoplasmic,0.0000,0.0139,0.9847,0.0006,0.0004,0.0005
240,WP_374826362.1,Extracellular,0.0002,0.6728,0.3181,0.0001,0.0037,0.0051
241,QCS50519.1,Cytoplasmic,0.0000,0.0043,0.9902,0.0043,0.0011,0.0001
242,WP_186494625.1,Cytoplasmic,0.0000,0.0278,0.9690,0.0024,0.0004,0.0005
243,WP_169154073.1,Cytoplasmic,0.0005,0.0623,0.9192,0.0004,0.0165,0.0011
244,WP_229557936.1,Extracellular,0.0003,0.5595,0.4224,0.0084,0.0088,0.0006
245,PHK44942.1,Cytoplasmic,0.0000,0.0007,0.9989,0.0001,0.0003,0.0000
246,CCQ65463.1,Cytoplasmic,0.0019,0.0530,0.8743,0.0346,0.0254,0.0108
247,WP_276747369.1,Cytoplasmic,0.0005,0.0274,0.8961,0.0708,0.0041,0.0011
248,WP_414623613.1,Extracellular,0.0001,0.8546,0.1296,0.0001,0.0125,0.0032
249,WP_249067963.1,Extracellular,0.0048,0.7668,0.1916,0.0003,0.0316,0.0048
250,XIA49339.1,Extracellular,0.0053,0.8272,0.1467,0.0001,0.0169,0.0038
251,BAY72496.1,Cytoplasmic,0.0013,0.1173,0.8470,0.0253,0.0088,0.0003
252,BDH95897.1,Cytoplasmic,0.0012,0.2414,0.6701,0.0834,0.0036,0.0003
253,GCE64100.1,Cytoplasmic,0.0009,0.1492,0.7744,0.0714,0.0039,0.0002
254,WP_218596862.1,Cytoplasmic,0.0003,0.0046,0.9816,0.0053,0.0072,0.0009
255,QNJ17727.1,Cytoplasmic,0.0000,0.0065,0.9929,0.0003,0.0001,0.0002
256,AFY86762.1,Cytoplasmic,0.0004,0.0053,0.9548,0.0187,0.0043,0.0164
257,WP_255223259.1,Cytoplasmic,0.0003,0.1800,0.7700,0.0100,0.0367,0.0029
258,KEI68836.1,Cytoplasmic,0.0012,0.0406,0.9370,0.0171,0.0036,0.0005
259,WP_309734629.1,Cytoplasmic,0.0001,0.3317,0.6627,0.0000,0.0020,0.0035
260,WP_194031341.1,Cytoplasmic,0.0002,0.0466,0.9500,0.0008,0.0024,0.0001
261,WP_317035766.1,Extracellular,0.0027,0.9712,0.0195,0.0032,0.0014,0.0020
262,WP_215618910.1,Cytoplasmic,0.0000,0.0031,0.9912,0.0037,0.0019,0.0001
263,WP_224091523.1,Cytoplasmic,0.0010,0.1103,0.8816,0.0003,0.0063,0.0005
264,WLT38974.1,Cytoplasmic,0.0002,0.0734,0.9040,0.0014,0.0043,0.0166
265,KKI98998.1,Cytoplasmic,0.0000,0.0004,0.9995,0.0001,0.0000,0.0000
266,WP_172799745.1,Extracellular,0.0113,0.9461,0.0008,0.0330,0.0052,0.0036
267,TYQ29009.1,Extracellular,0.0002,0.5116,0.4840,0.0002,0.0036,0.0004
268,AKN62460.1,Cytoplasmic,0.0011,0.1564,0.7479,0.0919,0.0024,0.0003
269,XWK88837.1,Cytoplasmic,0.0032,0.2261,0.7499,0.0087,0.0101,0.0019
270,WP_190688854.1,Extracellular,0.0161,0.7886,0.0287,0.1341,0.0305,0.0020
271,WP_298919943.1,Cytoplasmic,0.0002,0.0440,0.9348,0.0002,0.0197,0.0011
272,WP_318732788.1,Cytoplasmic,0.0000,0.0040,0.9958,0.0001,0.0000,0.0001
273,WP_144872053.1,Cytoplasmic,0.0010,0.1714,0.7984,0.0003,0.0275,0.0014
274,QNJ14918.1,Cytoplasmic,0.0013,0.1995,0.7021,0.0936,0.0033,0.0001
275,KGF86875.1,Cytoplasmic,0.0000,0.0075,0.9882,0.0008,0.0035,0.0000
276,WP_190343979.1,Cytoplasmic,0.0234,0.1447,0.5777,0.1016,0.1407,0.0119
277,WP_174711851.1,Cytoplasmic,0.0001,0.4569,0.5391,0.0000,0.0010,0.0028
278,ACC81015.1,Cytoplasmic,0.0007,0.0112,0.9693,0.0101,0.0038,0.0050
279,WP_045874338.1,Extracellular,0.0003,0.8078,0.1709,0.0001,0.0173,0.0037
280,WP_333464104.1,Cytoplasmic,0.0001,0.0164,0.9795,0.0019,0.0017,0.0003
281,WP_264322171.1,Cytoplasmic,0.0005,0.1160,0.8743,0.0003,0.0084,0.0005
282,AFY42669.1,Cytoplasmic,0.0000,0.0010,0.9983,0.0001,0.0004,0.0001
283,WP_193898661.1,Extracellular,0.0119,0.6240,0.3539,0.0003,0.0079,0.0020
284,BAZ46661.1,Cytoplasmic,0.0014,0.3086,0.6749,0.0014,0.0127,0.0010
285,WP_261221834.1,Cytoplasmic,0.0001,0.0054,0.9924,0.0009,0.0010,0.0002
286,PHJ78560.1,Cytoplasmic,0.0018,0.1975,0.7453,0.0452,0.0099,0.0003
287,WP_425216076.1,Cytoplasmic,0.0001,0.3985,0.5986,0.0000,0.0013,0.0014
288,PXA96670.1,Cytoplasmic,0.0000,0.0008,0.9966,0.0007,0.0010,0.0010
289,WP_013325003.1,Cytoplasmic,0.0005,0.0576,0.9221,0.0003,0.0190,0.0005
290,WP_322687045.1,Extracellular,0.0013,0.7435,0.2491,0.0000,0.0056,0.0005
291,QNJ17730.1,Cytoplasmic,0.0000,0.0204,0.9769,0.0015,0.0004,0.0008
292,QNI43186.1,Cytoplasmic,0.0000,0.0301,0.9664,0.0019,0.0004,0.0012
293,QNI74899.1,Extracellular,0.0014,0.8081,0.1727,0.0001,0.0161,0.0016
294,WP_272034960.1,Extracellular,0.0092,0.7649,0.1688,0.0038,0.0519,0.0014
295,WP_414565896.1,Extracellular,0.0170,0.7448,0.2292,0.0001,0.0070,0.0019
296,AUT01686.1,Cytoplasmic,0.0006,0.0699,0.9038,0.0235,0.0022,0.0001
297,WP_446393372.1,Cytoplasmic,0.0011,0.0436,0.9465,0.0010,0.0064,0.0013
298,WP_431708021.1,Cytoplasmic,0.0007,0.0742,0.8808,0.0222,0.0220,0.0002
299,PMB10825.1,Cytoplasmic,0.0039,0.3027,0.6328,0.0516,0.0087,0.0003
300,XIA49129.1,Cytoplasmic Membrane,0.0009,0.0329,0.0456,0.8969,0.0211,0.0025
301,WP_322664292.1,Cytoplasmic Membrane,0.0007,0.0430,0.1060,0.8311,0.0168,0.0024
302,PNK06708.1,Cytoplasmic,0.0016,0.2449,0.6721,0.0716,0.0096,0.0002
303,WP_190668553.1,Cytoplasmic,0.0002,0.1361,0.8440,0.0002,0.0182,0.0013
304,QNJ08951.1,Cytoplasmic,0.0000,0.0390,0.9563,0.0009,0.0017,0.0022
305,QNI84464.1,Cytoplasmic,0.0000,0.0343,0.9593,0.0053,0.0002,0.0009
306,WP_445103974.1,Extracellular,0.0188,0.7756,0.1116,0.0809,0.0060,0.0072
307,WFN58173.1,Cytoplasmic,0.0001,0.0428,0.9468,0.0063,0.0038,0.0001
308,KJH71466.1,Cytoplasmic,0.0014,0.2327,0.7232,0.0376,0.0049,0.0002
309,WP_096828203.1,Extracellular,0.0004,0.7755,0.2157,0.0001,0.0066,0.0017
310,WP_083618882.1,Cytoplasmic,0.0010,0.2526,0.7236,0.0006,0.0217,0.0005
311,WP_058997044.1,Cytoplasmic,0.0008,0.3560,0.6328,0.0002,0.0085,0.0016
312,WP_124976531.1,Cytoplasmic,0.0000,0.0083,0.9901,0.0003,0.0005,0.0007
313,QVL54285.1,Cytoplasmic,0.0000,0.2803,0.7180,0.0000,0.0003,0.0013
314,AFY43673.1,Cytoplasmic,0.0034,0.3687,0.5576,0.0587,0.0114,0.0002
315,WP_010468983.1,Cytoplasmic,0.0005,0.0355,0.9473,0.0011,0.0070,0.0087
316,WP_473149792.1,Cytoplasmic Membrane,0.0005,0.0072,0.0400,0.9144,0.0088,0.0291
317,WP_214341672.1,Cytoplasmic,0.0000,0.0832,0.9047,0.0036,0.0014,0.0071
318,WP_228053006.1,Cytoplasmic,0.0001,0.0128,0.9704,0.0125,0.0042,0.0001
319,WP_193875801.1,Extracellular,0.0001,0.9886,0.0083,0.0000,0.0027,0.0002
320,BAZ32677.1,Cytoplasmic,0.0019,0.3128,0.6348,0.0416,0.0087,0.0002
321,WP_333137443.1,Cytoplasmic,0.0001,0.0131,0.9806,0.0022,0.0029,0.0010
322,GCA74794.1,Cytoplasmic Membrane,0.1941,0.1412,0.0330,0.3883,0.0594,0.1841
323,WP_222425182.1,Extracellular,0.0005,0.9903,0.0063,0.0000,0.0025,0.0005
324,BBD69221.1,Extracellular,0.0016,0.8554,0.0002,0.0011,0.0090,0.1326
325,RCJ39211.1,Cytoplasmic,0.0000,0.0005,0.9992,0.0001,0.0001,0.0000
326,BAY36234.1,Cytoplasmic,0.0001,0.0050,0.9913,0.0005,0.0014,0.0017
327,WP_333429097.1,Extracellular,0.0004,0.7586,0.2353,0.0000,0.0042,0.0015
328,WP_474479343.1,Cytoplasmic,0.0000,0.1038,0.8829,0.0003,0.0001,0.0129
329,QQW30919.1,Cytoplasmic,0.0001,0.0104,0.9545,0.0269,0.0081,0.0001
330,EAW44208.1,Cytoplasmic,0.0034,0.3401,0.5798,0.0541,0.0223,0.0003
331,WP_333333050.1,Cytoplasmic,0.0148,0.2042,0.7726,0.0027,0.0037,0.0019
332,OUT73884.1,Cytoplasmic,0.0004,0.1898,0.7642,0.0418,0.0031,0.0007
333,WP_446382102.1,Extracellular,0.0115,0.9319,0.0175,0.0026,0.0227,0.0138
334,WP_017661102.1,Cytoplasmic,0.0000,0.0147,0.9783,0.0007,0.0032,0.0030
335,BAY51292.1,Cytoplasmic,0.0000,0.0004,0.9996,0.0001,0.0000,0.0000
336,WP_414509719.1,Cytoplasmic,0.0000,0.0081,0.9487,0.0222,0.0033,0.0177
337,KAB8333120.1,Cytoplasmic,0.0004,0.0869,0.8982,0.0002,0.0134,0.0010
338,QNJ31004.1,Cytoplasmic,0.0000,0.0044,0.9694,0.0252,0.0003,0.0007
339,WP_281485878.1,Cytoplasmic Membrane,0.0027,0.1050,0.1445,0.7133,0.0318,0.0028
340,WAL60656.1,Cytoplasmic,0.0001,0.0108,0.9853,0.0012,0.0022,0.0005
341,CAD37133.1,Cytoplasmic,0.0030,0.1569,0.7925,0.0364,0.0109,0.0002
342,WP_293080408.1,Extracellular,0.0332,0.9437,0.0014,0.0008,0.0107,0.0102
343,WP_051847430.1,Extracellular,0.0016,0.6893,0.2922,0.0001,0.0136,0.0032
344,XGV99157.1,Extracellular,0.0431,0.4057,0.3608,0.1587,0.0044,0.0274
345,KAB8316217.1,Cytoplasmic,0.0025,0.2266,0.7077,0.0528,0.0102,0.0003
346,WP_190796500.1,Cytoplasmic,0.0001,0.0063,0.9896,0.0008,0.0023,0.0009
347,WP_226415326.1,Cytoplasmic,0.0000,0.0210,0.9757,0.0021,0.0005,0.0006
348,WP_259722940.1,Cytoplasmic,0.0007,0.1234,0.8488,0.0168,0.0098,0.0004
349,WP_065713617.1,Cytoplasmic,0.0006,0.0535,0.9173,0.0127,0.0156,0.0002
350,WP_322733879.1,Cytoplasmic,0.0003,0.0279,0.9593,0.0042,0.0060,0.0022
351,WP_110985017.1,Cytoplasmic,0.0004,0.0422,0.9540,0.0008,0.0015,0.0011
352,BDH86406.1,Cytoplasmic,0.0000,0.0008,0.9983,0.0004,0.0004,0.0001
353,KAB8320362.1,Cytoplasmic,0.0001,0.3212,0.6700,0.0001,0.0021,0.0065
354,BAY39549.1,Cytoplasmic,0.0008,0.0307,0.9467,0.0199,0.0018,0.0001
355,WP_322691914.1,Cytoplasmic,0.0016,0.0543,0.9329,0.0006,0.0095,0.0011
356,XUP05442.1,Extracellular,0.0083,0.7588,0.1698,0.0018,0.0594,0.0018
357,XHX78260.1,Cytoplasmic,0.0022,0.3936,0.5838,0.0003,0.0157,0.0044
358,QNI53210.1,Cytoplasmic,0.0006,0.2151,0.7429,0.0378,0.0031,0.0004
359,WP_066345472.1,Cytoplasmic,0.0011,0.3077,0.6473,0.0004,0.0427,0.0007
360,WP_333285234.1,Cytoplasmic,0.0010,0.1117,0.8680,0.0027,0.0132,0.0034
361,AFZ36975.1,Cytoplasmic,0.0000,0.0004,0.9995,0.0001,0.0000,0.0000
362,WP_190651623.1,Periplasmic,0.0011,0.2349,0.1465,0.1347,0.0134,0.4693
363,WP_292740668.1,Extracellular,0.0068,0.5179,0.4607,0.0003,0.0123,0.0020
364,TVR15756.1,Cytoplasmic,0.0000,0.0096,0.9779,0.0099,0.0025,0.0001
365,WP_446869931.1,Cytoplasmic Membrane,0.0035,0.0847,0.0843,0.8029,0.0135,0.0111
366,WP_155749072.1,Extracellular,0.0259,0.5100,0.3349,0.0756,0.0340,0.0196
367,XZO00483.1,Extracellular,0.0006,0.6782,0.3165,0.0001,0.0038,0.0008
368,USR92248.1,Cytoplasmic,0.0001,0.2207,0.7759,0.0000,0.0010,0.0023
369,QNI63074.1,Cytoplasmic,0.0000,0.0067,0.9911,0.0019,0.0001,0.0003
370,TPX27080.1,Cytoplasmic,0.0042,0.4779,0.5035,0.0032,0.0105,0.0007
371,WP_114988948.1,Cytoplasmic,0.0000,0.0248,0.9718,0.0022,0.0005,0.0008
372,OUC16174.1,Cytoplasmic,0.0005,0.0673,0.8075,0.1216,0.0027,0.0003
373,KZR89434.1,Cytoplasmic,0.0006,0.1747,0.7868,0.0353,0.0024,0.0003
374,WP_121970319.1,Cytoplasmic,0.0014,0.1177,0.8645,0.0009,0.0131,0.0025
375,WP_238549196.1,Extracellular,0.0590,0.3754,0.2116,0.2741,0.0087,0.0713
376,WP_333357072.1,Extracellular,0.0388,0.6736,0.2622,0.0007,0.0212,0.0035
377,BAY21141.1,Extracellular,0.0002,0.9979,0.0000,0.0000,0.0010,0.0010
378,QNJ18884.1,Cytoplasmic,0.0013,0.1802,0.7367,0.0764,0.0048,0.0005
379,WP_066118884.1,Cytoplasmic,0.0011,0.3996,0.5619,0.0003,0.0367,0.0004
380,WP_374827315.1,Extracellular,0.0212,0.6031,0.2834,0.0014,0.0545,0.0363
381,PIB13921.1,Cytoplasmic,0.0004,0.0807,0.7803,0.1370,0.0014,0.0003
382,WP_193877265.1,Cytoplasmic,0.0000,0.0038,0.9507,0.0024,0.0002,0.0429
383,PHK45848.1,Cytoplasmic,0.0018,0.1975,0.7453,0.0452,0.0099,0.0003
384,WP_413256114.1,Cytoplasmic,0.0001,0.0179,0.9780,0.0010,0.0024,0.0005
385,WP_415409051.1,Cytoplasmic,0.0000,0.0671,0.9052,0.0271,0.0006,0.0001
386,WP_333174755.1,Cytoplasmic,0.0036,0.1193,0.8432,0.0056,0.0078,0.0206
387,QNJ02255.1,Extracellular,0.0004,0.9039,0.0871,0.0000,0.0077,0.0010
388,WP_437174593.1,Cytoplasmic,0.0003,0.0066,0.9906,0.0014,0.0008,0.0003
389,CAD5978802.1,Cytoplasmic,0.0000,0.0013,0.9985,0.0001,0.0001,0.0000
390,KOP26071.1,Cytoplasmic,0.0000,0.0021,0.9976,0.0002,0.0001,0.0000
391,WP_197161807.1,Cytoplasmic,0.0003,0.1048,0.8322,0.0181,0.0440,0.0006
392,WP_268612724.1,Extracellular,0.0017,0.5570,0.4250,0.0002,0.0128,0.0033
393,WP_011128813.1,Cytoplasmic,0.0000,0.0205,0.9767,0.0015,0.0005,0.0008
394,KAM3108824.1,Extracellular,0.0046,0.6140,0.3378,0.0066,0.0316,0.0053
395,WP_446339453.1,Extracellular,0.0780,0.6924,0.1074,0.0812,0.0073,0.0338
396,WP_190503540.1,Cytoplasmic,0.0001,0.0067,0.9901,0.0010,0.0015,0.0007
397,UOW70184.1,Cytoplasmic,0.0003,0.1220,0.8532,0.0236,0.0007,0.0003
398,OJJ25602.1,Cytoplasmic Membrane,0.0038,0.0444,0.1619,0.5073,0.1073,0.1753
399,WP_404789472.1,Extracellular,0.0000,0.8479,0.1449,0.0000,0.0017,0.0054
400,RCL54466.1,Cytoplasmic,0.0004,0.1616,0.7861,0.0485,0.0028,0.0007
401,WP_412983309.1,Extracellular,0.0080,0.7380,0.1986,0.0190,0.0307,0.0058
402,WP_255104036.1,Extracellular,0.0015,0.8216,0.1453,0.0015,0.0270,0.0031
403,WP_322742549.1,Extracellular,0.0001,0.9989,0.0000,0.0000,0.0004,0.0005
404,KGF98238.1,Cytoplasmic,0.0001,0.0047,0.9888,0.0011,0.0053,0.0000
405,RCL48872.1,Cytoplasmic,0.0033,0.1946,0.7039,0.0918,0.0059,0.0005
406,BAY02750.1,Extracellular,0.0001,0.9550,0.0412,0.0000,0.0029,0.0008
407,XPM56372.2,Cytoplasmic,0.0001,0.1381,0.7216,0.1173,0.0017,0.0212
408,AFZ37208.1,Extracellular,0.0094,0.9748,0.0040,0.0002,0.0016,0.0100
409,WP_333380999.1,Cytoplasmic,0.0001,0.0231,0.9724,0.0014,0.0024,0.0006
410,KAB8333188.1,Cytoplasmic,0.0001,0.2728,0.7159,0.0002,0.0019,0.0091
411,WP_132867370.1,Extracellular,0.0027,0.9849,0.0000,0.0002,0.0005,0.0117
412,RUR87051.1,Cytoplasmic,0.0024,0.2927,0.6457,0.0473,0.0117,0.0003
413,WP_439342023.1,Extracellular,0.0205,0.7851,0.1277,0.0429,0.0161,0.0078
414,WP_333361250.1,Extracellular,0.0004,0.7203,0.2742,0.0001,0.0035,0.0015
415,WP_015197895.1,Extracellular,0.0005,0.9619,0.0029,0.0021,0.0091,0.0235
416,WP_204105043.1,Cytoplasmic,0.0002,0.3281,0.6663,0.0001,0.0050,0.0003
417,WP_138072893.1,Cytoplasmic,0.0006,0.0525,0.9166,0.0147,0.0152,0.0002
418,WP_186480166.1,Extracellular,0.0007,0.5156,0.4686,0.0002,0.0141,0.0009
419,GAX42951.1,Extracellular,0.0001,0.9635,0.0302,0.0000,0.0057,0.0005
420,WP_430686405.1,Extracellular,0.0003,0.7752,0.2081,0.0003,0.0129,0.0032
421,WP_333045987.1,Extracellular,0.0111,0.6811,0.2811,0.0004,0.0243,0.0020
422,WP_208345612.1,Cytoplasmic,0.0035,0.3373,0.6413,0.0073,0.0097,0.0011
423,UBF27517.1,Cytoplasmic,0.0007,0.2424,0.7195,0.0224,0.0068,0.0082
424,WP_445310064.1,Cytoplasmic,0.0069,0.3799,0.4949,0.0761,0.0087,0.0335
425,OBQ33912.1,Cytoplasmic,0.0024,0.2692,0.6933,0.0290,0.0060,0.0001
426,WP_197171345.1,Cytoplasmic,0.0001,0.0917,0.8889,0.0114,0.0075,0.0004
427,AFZ32328.1,Cytoplasmic,0.0004,0.0110,0.9630,0.0088,0.0030,0.0138
428,XHM28321.1,Extracellular,0.0005,0.7196,0.2744,0.0001,0.0041,0.0014
429,GAP97890.1,Periplasmic,0.0024,0.1311,0.1013,0.1633,0.0907,0.5112
430,BAZ07541.1,Cytoplasmic,0.0025,0.1549,0.8204,0.0189,0.0032,0.0001
431,WP_015224410.1,Extracellular,0.0605,0.3592,0.2311,0.3011,0.0336,0.0145
432,WP_190949726.1,Extracellular,0.0002,0.4997,0.4962,0.0000,0.0018,0.0020
433,WP_293084950.1,Extracellular,0.0024,0.8371,0.1519,0.0017,0.0062,0.0008
434,QJB28443.1,Extracellular,0.0002,0.6662,0.3319,0.0001,0.0015,0.0001
435,PIG92557.1,Cytoplasmic,0.0009,0.0649,0.8939,0.0353,0.0048,0.0001
436,WP_015131273.1,Cytoplasmic,0.0009,0.0666,0.9165,0.0004,0.0146,0.0009
437,RCL52390.1,Cytoplasmic,0.0014,0.1756,0.7501,0.0687,0.0039,0.0002
438,SMQ77849.1,Cytoplasmic,0.0000,0.0002,0.9992,0.0004,0.0002,0.0001
439,WP_286004595.1,Cytoplasmic Membrane,0.0020,0.1397,0.2572,0.4605,0.0432,0.0975
440,WP_080813532.1,Cytoplasmic,0.0000,0.0168,0.9812,0.0007,0.0008,0.0005
441,WP_083621699.1,Extracellular,0.0011,0.5691,0.4125,0.0051,0.0096,0.0026
442,WP_333397848.1,Cytoplasmic,0.0111,0.4744,0.4898,0.0006,0.0215,0.0025
443,WP_333452385.1,Cytoplasmic,0.0007,0.0182,0.9669,0.0005,0.0119,0.0017
444,WP_066378875.1,Cytoplasmic,0.0002,0.0757,0.9138,0.0002,0.0097,0.0005
445,WP_323351307.1,Extracellular,0.0017,0.9942,0.0020,0.0003,0.0004,0.0013
446,WP_259729844.1,Extracellular,0.0000,0.8753,0.1032,0.0001,0.0001,0.0214
447,WP_086766446.1,Extracellular,0.0508,0.5968,0.3153,0.0296,0.0032,0.0042
448,OBQ19785.1,Cytoplasmic,0.0028,0.3037,0.6529,0.0310,0.0094,0.0002
449,WP_460206576.1,Cytoplasmic,0.0001,0.0206,0.9748,0.0009,0.0028,0.0008
450,EDY39142.1,Cytoplasmic,0.0020,0.2619,0.6333,0.0943,0.0081,0.0004
451,GBE93144.1,Cytoplasmic,0.0000,0.0010,0.9985,0.0002,0.0003,0.0000
452,WP_293064016.1,Extracellular,0.0221,0.9535,0.0029,0.0009,0.0121,0.0084
453,WP_194012246.1,Extracellular,0.0002,0.7594,0.2346,0.0001,0.0033,0.0025
454,BCX06369.1,Cytoplasmic,0.0042,0.3204,0.6114,0.0551,0.0087,0.0002
455,WP_322732742.1,Extracellular,0.0002,0.9965,0.0011,0.0000,0.0020,0.0003
456,WP_317110581.1,Cytoplasmic,0.0018,0.0888,0.8758,0.0007,0.0307,0.0023
457,WP_193884518.1,Cytoplasmic,0.0002,0.0547,0.9334,0.0024,0.0075,0.0018
458,WP_190737905.1,Cytoplasmic,0.0005,0.4364,0.5605,0.0001,0.0014,0.0011
459,CCH66182.1,Cytoplasmic,0.0000,0.0023,0.9968,0.0003,0.0006,0.0000
460,WP_333453550.1,Cytoplasmic,0.0033,0.1936,0.7154,0.0012,0.0126,0.0741
461,AFZ55500.1,Cytoplasmic,0.0003,0.0693,0.8724,0.0348,0.0232,0.0001
462,PHK37263.1,Cytoplasmic,0.0018,0.1975,0.7453,0.0452,0.0099,0.0003
463,WP_254949541.1,Cytoplasmic Membrane,0.0003,0.0739,0.0012,0.9021,0.0218,0.0008
464,PZO47479.1,Cytoplasmic,0.0011,0.1612,0.7942,0.0412,0.0022,0.0001
465,BAY75347.1,Cytoplasmic,0.0020,0.1413,0.8216,0.0242,0.0105,0.0004
466,WP_277774560.1,Cytoplasmic,0.0003,0.0237,0.9641,0.0002,0.0097,0.0020
467,TYT72144.1,Extracellular,0.0057,0.6755,0.2592,0.0012,0.0544,0.0039
468,PNJ94050.1,Cytoplasmic,0.0016,0.2449,0.6721,0.0716,0.0096,0.0002
469,WP_293061864.1,Extracellular,0.0001,0.9406,0.0578,0.0001,0.0013,0.0000
470,PZO20897.1,Cytoplasmic,0.0000,0.0001,0.9954,0.0000,0.0043,0.0001
471,WP_426582836.1,Extracellular,0.0002,0.8742,0.1229,0.0001,0.0025,0.0001
472,WP_193967727.1,Extracellular,0.0006,0.9662,0.0221,0.0001,0.0011,0.0098
473,WP_438941533.1,Extracellular,0.0455,0.6584,0.1321,0.0850,0.0322,0.0469
474,QNI98488.1,Cytoplasmic,0.0000,0.0236,0.9755,0.0002,0.0003,0.0004
475,WP_229641892.1,Cytoplasmic,0.0001,0.0062,0.9789,0.0098,0.0050,0.0001
476,WP_036479612.1,Cytoplasmic,0.0001,0.3568,0.6375,0.0000,0.0029,0.0027
477,AFY32912.1,Cytoplasmic,0.0001,0.0009,0.9988,0.0001,0.0001,0.0000
478,KGG14598.1,Cytoplasmic,0.0000,0.0013,0.9964,0.0008,0.0015,0.0000
479,WP_446335867.1,Cytoplasmic,0.0045,0.1137,0.8419,0.0211,0.0167,0.0021
480,WP_431629357.1,Periplasmic,0.0006,0.2443,0.1329,0.0646,0.0112,0.5464
481,WP_190441781.1,Extracellular,0.0082,0.5232,0.4471,0.0008,0.0189,0.0018
482,WP_186472188.1,Cytoplasmic,0.0000,0.0861,0.8929,0.0197,0.0011,0.0001
483,WP_114994197.1,Cytoplasmic,0.0000,0.0173,0.9811,0.0007,0.0004,0.0005
484,WP_240789313.1,Cytoplasmic,0.0000,0.0695,0.9142,0.0156,0.0004,0.0002
485,WP_303532326.1,Cytoplasmic,0.0000,0.0741,0.9123,0.0125,0.0006,0.0005
486,KGG11177.1,Cytoplasmic,0.0007,0.0145,0.9082,0.0042,0.0714,0.0010
487,WP_438552761.1,Cytoplasmic,0.0002,0.0123,0.9804,0.0017,0.0040,0.0014
488,WP_414572456.1,Extracellular,0.0175,0.6071,0.2782,0.0144,0.0646,0.0182
489,PYE03400.1,Cytoplasmic,0.0031,0.1979,0.7015,0.0921,0.0051,0.0004
490,RCJ36362.1,Cytoplasmic,0.0000,0.0006,0.9989,0.0001,0.0003,0.0000
491,WP_029632782.1,Cytoplasmic,0.0001,0.4798,0.5137,0.0000,0.0015,0.0048
492,WP_261204137.1,Extracellular,0.0133,0.6795,0.1787,0.0808,0.0395,0.0082
493,CAD5947275.1,Cytoplasmic,0.0033,0.0176,0.9648,0.0118,0.0018,0.0007
494,QNJ29841.1,Cytoplasmic,0.0012,0.1806,0.7244,0.0903,0.0034,0.0001
495,ACK70334.1,Cytoplasmic Membrane,0.0005,0.0063,0.4023,0.5844,0.0049,0.0017
496,XPT25309.1,Cytoplasmic,0.0003,0.0588,0.9322,0.0003,0.0076,0.0009
497,WP_145536669.1,Cytoplasmic,0.0006,0.1146,0.8552,0.0166,0.0124,0.0006
498,KZR88270.1,Outer Membrane,0.0006,0.2243,0.0025,0.2025,0.5207,0.0494
499,AFZ14134.1,Cytoplasmic,0.0000,0.0019,0.9977,0.0002,0.0001,0.0000
500,GJD18197.1,Cytoplasmic,0.0011,0.2700,0.6587,0.0580,0.0118,0.0003
501,KGG31515.1,Cytoplasmic,0.0000,0.0040,0.9816,0.0028,0.0013,0.0104
502,AOC53880.1,Cytoplasmic,0.0000,0.0006,0.9989,0.0002,0.0002,0.0001
503,WP_446879346.1,Cytoplasmic,0.0004,0.4845,0.5063,0.0001,0.0067,0.0019
504,WP_316789707.1,Cytoplasmic,0.0003,0.0248,0.9660,0.0002,0.0072,0.0015
505,WP_015154965.1,Extracellular,0.0045,0.3771,0.3438,0.1158,0.0372,0.1216
506,KKZ13786.1,Cytoplasmic,0.0015,0.2230,0.6664,0.1041,0.0046,0.0004
507,WP_026734869.1,Cytoplasmic,0.0001,0.0367,0.9584,0.0008,0.0033,0.0007
508,WP_431627561.1,Extracellular,0.0215,0.5440,0.1395,0.0918,0.0119,0.1914
509,WP_015198801.1,Extracellular,0.0003,0.8744,0.1146,0.0001,0.0092,0.0014
510,WP_434222069.1,Extracellular,0.0001,0.7466,0.2519,0.0001,0.0012,0.0001
511,WP_006530078.1,Cytoplasmic,0.0006,0.2437,0.7377,0.0060,0.0107,0.0013
512,WP_230842123.1,Cytoplasmic,0.0003,0.1309,0.8539,0.0048,0.0090,0.0011
513,QNI57542.1,Cytoplasmic,0.0000,0.0259,0.9724,0.0008,0.0005,0.0005
514,WP_333160639.1,Cytoplasmic,0.0015,0.1127,0.8623,0.0004,0.0213,0.0018
515,WP_333392172.1,Extracellular,0.0248,0.6166,0.3362,0.0008,0.0192,0.0025
516,WP_255111674.1,Extracellular,0.0002,0.8916,0.0390,0.0001,0.0561,0.0130
517,WP_190792773.1,Cytoplasmic,0.0001,0.0098,0.9868,0.0016,0.0012,0.0005
518,BAY62279.1,Cytoplasmic,0.0029,0.2452,0.7122,0.0301,0.0094,0.0003
519,XWF51803.1,Cytoplasmic,0.0001,0.0428,0.9468,0.0063,0.0038,0.0001
520,WP_323270880.1,Cytoplasmic,0.0002,0.0981,0.8795,0.0125,0.0093,0.0005
521,WP_039897232.1,Extracellular,0.0002,0.6446,0.3531,0.0001,0.0019,0.0001
522,UIE36771.1,Extracellular,0.0050,0.7435,0.1924,0.0074,0.0495,0.0023
523,WP_193972586.1,Extracellular,0.0003,0.8623,0.1335,0.0000,0.0025,0.0014
524,OBQ36746.1,Cytoplasmic,0.0023,0.3372,0.6109,0.0362,0.0130,0.0004
525,WP_348229152.1,Extracellular,0.0076,0.4840,0.4833,0.0008,0.0222,0.0021
526,WP_028948595.1,Extracellular,0.0006,0.5356,0.4473,0.0003,0.0120,0.0041
527,QIR41307.1,Cytoplasmic,0.0001,0.2137,0.7590,0.0003,0.0048,0.0221
528,BAZ83135.1,Cytoplasmic,0.0002,0.0034,0.9950,0.0006,0.0006,0.0002
529,ASC71228.1,Cytoplasmic,0.0017,0.0182,0.6046,0.3546,0.0178,0.0031
530,WP_079681369.1,Cytoplasmic,0.0013,0.3308,0.6468,0.0006,0.0201,0.0004
531,AGY59278.1,Cytoplasmic,0.0015,0.1334,0.7418,0.1207,0.0022,0.0005
532,PSB61008.1,Cytoplasmic,0.0022,0.1536,0.7962,0.0380,0.0099,0.0002
533,BGE74434.1,Cytoplasmic,0.0000,0.0039,0.9922,0.0031,0.0008,0.0001
534,QNI51968.1,Cytoplasmic,0.0015,0.1802,0.7211,0.0931,0.0039,0.0001
535,WP_190628594.1,Extracellular,0.0236,0.7952,0.0048,0.0833,0.0352,0.0580
536,WP_186589804.1,Cytoplasmic,0.0000,0.0460,0.9389,0.0127,0.0016,0.0008
537,RCJ26363.1,Cytoplasmic,0.0000,0.0008,0.9987,0.0001,0.0003,0.0001
538,PHJ74035.1,Cytoplasmic,0.0000,0.0007,0.9989,0.0001,0.0003,0.0000
539,WP_292853924.1,Cytoplasmic,0.0043,0.4490,0.5297,0.0002,0.0153,0.0015
540,WP_229490050.1,Cytoplasmic,0.0123,0.1712,0.7464,0.0320,0.0337,0.0044
541,AII47582.1,Cytoplasmic,0.0004,0.1152,0.8509,0.0303,0.0029,0.0002
542,WP_190516917.1,Extracellular,0.0004,0.6091,0.3838,0.0001,0.0046,0.0021
543,AFZ45347.1,Extracellular,0.0193,0.7890,0.1443,0.0242,0.0213,0.0020
544,WP_072218237.1,Periplasmic,0.0023,0.3194,0.0832,0.1259,0.0191,0.4501
545,WP_333138987.1,Cytoplasmic,0.0006,0.0981,0.8782,0.0003,0.0210,0.0017
546,WP_445102417.1,Cytoplasmic,0.0002,0.0924,0.8997,0.0002,0.0067,0.0008
547,WP_426591378.1,Cytoplasmic,0.0000,0.0062,0.9926,0.0003,0.0009,0.0001
548,WP_446858409.1,Extracellular,0.0046,0.6140,0.3378,0.0066,0.0316,0.0053
549,XPT17517.1,Cytoplasmic,0.0003,0.0588,0.9322,0.0003,0.0076,0.0009
550,QFS46136.1,Cytoplasmic,0.0028,0.2667,0.6698,0.0469,0.0134,0.0003
551,WP_322665240.1,Cytoplasmic,0.0025,0.3940,0.5564,0.0116,0.0341,0.0013
552,XHX78405.1,Extracellular,0.0001,0.5239,0.4744,0.0000,0.0008,0.0008
553,WP_333176459.1,Cytoplasmic,0.0003,0.4333,0.4996,0.0376,0.0258,0.0034
